2,6,12
3,8,16
4,10,20
4,12,24
4,14,28
5,16,32
5,18,36
5,20,40
6,22,44
6,24,48
6,26,52
6,28,56
6,30,60
7,32,64
7,34,68
7,36,72
8,38,76
8,40,80
8,42,84
9,44,88
9,46,92
9,48,96
10,50,100
10,52,104
10,54,108
11,56,112
11,58,116
11,60,120
12,62,124
12,64,128
12,66,132
12,68,136
13,70,140
13,72,144
13,74,148
13,76,152
14,78,156
14,80,160
14,82,164
15,84,168
15,86,172
15,88,176
16,90,180
16,92,184
16,94,188
16,96,192
17,98,196
17,100,200
17,102,204
17,104,208
18,106,212
18,108,216
18,110,220
19,112,224
19,114,228
19,116,232
20,118,236
20,120,240
