5,3,2,1,1
7,5,5,4,3
3,3,2,1,1
7,6,5,4,3
4,4,3,3,2
15,13,11,9,7
2,2,2,2,2
8,7,6,5,3
10,9,9,8,6
1,1,1,1,1
20,18,17,16,14
6,6,5,4,4
9,8,7,6,5
25,23,21,19,17
6,5,4,3,2
4,4,4,3,3
7,7,6,6,5
21,20,19,18,17
30,29,28,27,26
14,12,10,8,6
6,5,5,5,4
3,3,3,3,3
1,1,1,1,1
4,3,3,3,2
10,10,9,9,8
10,9,8,7,6
2,2,2,2,1
5,4,3,2,2
3,2,2,2,1
4,4,3,3,2
6,5,4,3,3
35,35,35,35,35
8,7,6,5,4
3,2,2,2,1
5,5,4,3,3
9,9,9,9,9
4,3,3,2,2
7,6,6,6,5
10,9,8,7,6
7,6,6,6,6
-1,-1,-1,-1,-1
-1,-1,-1,-1,-1
-1,-1,-1,-1,-1
20,18,16,14,12
12,10,8,7,5
